X = 292.99899291992 Y = 2132.169921875 Z = 475.01901245117 -- elevator new

X = 1601.4699707031 Y = 2066.6101074219 Z = -24.947500228882 -- elevator 1



X = 4641 Y = -1097 Z = -433.70001220703 -- vent 1 new 
X = 3880 Y = -1149 Z = -434.41799926758 -- vent 2 new


X = 499 Y = 24 Z = 776.13000488281 -- CLOAKER VENT
X = 5205 Y = 1838 Z = 296.10400390625 -- long left vent


X1 - X0 = dx
Y1 - Y0 = dy
Z1 - Z0 = dz

dx = 5205 - 5200 = 5
dy = 1838 - 1825 = 13
dz = 296,10400390625 + 24,895099639893 = 320,999103546143

x = const - dx | x = 3880 - 5 = 3875
y = const - dy | y = -1149 - 13 = -1162
z = const - dz | z = -736.699115753173


